1714243909738 96.0 0
1714243909739 24.0 0
1714243909741 10.0 0
1714243909742 50.0 0
1714243909743 8.0 0
1714243909744 14.0 0
1714243909745 8.0 0
1714243909746 22.0 0
1714243909747 23.0 0
1714243909748 98.0 0
1714243909749 79.0 0
1714243909750 10.0 0
1714243909751 19.0 0
1714243909751 14.0 0
1714243909752 1.0 0
1714243909753 34.0 0
1714243909753 12.0 0
1714243909754 54.0 0
1714243909755 68.0 0
1714243909756 69.0 0
1714243909757 38.0 0
1714243909758 67.0 0
1714243909758 67.0 0
1714243909759 16.0 0
1714243909760 96.0 0
1714243909760 37.0 0
1714243909761 79.0 0
1714243909762 72.0 0
1714243909762 4.0 0
1714243909763 52.0 0
1714243909764 43.0 0
1714243909764 68.0 0
1714243909765 10.0 0
1714243909766 31.0 0
1714243909766 11.0 0
1714243909767 48.0 0
1714243909768 20.0 0
1714243909768 92.0 0
1714243909769 19.0 0
1714243909770 4.0 0
1714243909770 13.0 0
1714243909771 21.0 0
1714243909772 4.0 0
1714243909772 6.0 0
1714243909773 44.0 0
1714243909774 46.0 0
1714243909774 83.0 0
1714243909775 81.0 0
1714243909776 84.0 0
1714243909776 39.0 0
1714243909777 32.0 0
1714243909778 1.0 0
1714243909778 13.0 0
1714243909779 68.0 0
1714243909780 54.0 0
1714243909780 13.0 0
1714243909781 68.0 0
1714243909782 73.0 0
1714243909782 17.0 0
1714243909783 89.0 0
1714243909784 69.0 0
1714243909784 96.0 0
1714243909785 13.0 0
1714243909786 11.0 0
1714243909786 59.0 0
1714243909787 65.0 0
1714243909788 42.0 0
1714243909788 45.0 0
1714243909789 52.0 0
1714243909790 70.0 0
1714243909790 56.0 0
1714243909791 34.0 0
1714243909792 68.0 0
1714243909792 30.0 0
1714243909793 85.0 0
1714243909794 1.0 0
1714243909794 36.0 0
1714243909795 6.0 0
1714243909796 94.0 0
1714243909797 24.0 0
1714243909798 93.0 0
1714243909798 57.0 0
1714243909799 92.0 0
1714243909800 20.0 0
1714243909800 24.0 0
1714243909801 84.0 0
1714243909802 27.0 0
1714243909802 5.0 0
1714243909803 1.0 0
1714243909804 20.0 0
1714243909804 44.0 0
1714243909805 93.0 0
1714243909806 70.0 0
1714243909806 47.0 0
1714243909807 38.0 0
1714243909808 61.0 0
1714243909809 56.0 0
1714243909809 73.0 0
1714243909810 43.0 0
1714243909811 57.0 0
1714243909811 9.0 0
1714243909812 59.0 0
1714243909812 81.0 0
1714243909813 46.0 0
1714243909814 47.0 0
1714243909814 13.0 0
1714243909815 14.0 0
1714243909816 35.0 0
1714243909816 4.0 0
1714243909817 20.0 0
1714243909818 3.0 0
1714243909818 6.0 0
1714243909819 12.0 0
1714243909819 11.0 0
1714243909820 84.0 0
1714243909821 63.0 0
1714243909821 83.0 0
1714243909822 41.0 0
1714243909823 20.0 0
1714243909823 16.0 0
1714243909824 21.0 0
1714243909825 30.0 0
1714243909825 27.0 0
1714243909826 41.0 0
1714243909827 78.0 0
1714243909827 67.0 0
1714243909828 63.0 0
1714243909829 90.0 0
1714243909829 52.0 0
1714243909830 60.0 0
1714243909830 52.0 0
1714243909831 46.0 0
1714243909832 61.0 0
1714243909832 33.0 0
1714243909833 62.0 0
1714243909834 49.0 0
1714243909834 42.0 0
1714243909835 77.0 0
1714243909836 16.0 0
1714243909836 0.0 0
1714243909837 88.0 0
1714243909838 48.0 0
1714243909838 31.0 0
1714243909839 5.0 0
1714243909839 37.0 0
1714243909840 49.0 0
1714243909841 15.0 0
1714243909842 27.0 0
1714243909842 58.0 0
1714243909843 19.0 0
1714243909844 84.0 0
1714243909844 37.0 0
1714243909845 52.0 0
1714243909846 45.0 0
1714243909846 79.0 0
1714243909847 45.0 0
1714243909848 40.0 0
1714243909848 18.0 0
1714243909849 21.0 0
1714243909850 63.0 0
1714243909850 56.0 0
1714243909851 88.0 0
1714243909852 65.0 0
1714243909852 34.0 0
1714243909853 5.0 0
1714243909854 51.0 0
1714243909854 91.0 0
1714243909855 61.0 0
1714243909856 4.0 0
1714243909856 82.0 0
1714243909857 61.0 0
1714243909858 65.0 0
1714243909858 34.0 0
1714243909859 79.0 0
1714243909860 22.0 0
1714243909860 32.0 0
1714243909861 92.0 0
1714243909862 61.0 0
1714243909862 79.0 0
1714243909863 77.0 0
1714243909863 50.0 0
1714243909864 88.0 0
1714243909865 89.0 0
1714243909866 62.0 0
1714243909866 86.0 0
1714243909867 56.0 0
1714243909867 44.0 0
1714243909868 25.0 0
1714243909869 72.0 0
1714243909869 36.0 0
1714243909870 59.0 0
1714243909871 90.0 0
1714243909871 22.0 0
1714243909872 95.0 0
1714243909873 73.0 0
1714243909873 98.0 0
1714243909874 89.0 0
1714243909874 9.0 0
1714243909875 34.0 0
1714243909876 76.0 0
1714243909876 2.0 0
1714243909877 58.0 0
1714243909878 33.0 0
1714243909878 16.0 0
1714243909879 13.0 0
1714243909879 4.0 0
1714243909880 31.0 0
1714243909881 34.0 0
1714243909881 51.0 0
1714243909882 32.0 0
1714243909883 39.0 0
1714243909883 72.0 0
1714243909884 92.0 0
1714243909885 24.0 0
1714243909885 52.0 0
1714243909886 70.0 0
1714243909887 73.0 0
1714243909887 23.0 0
1714243909888 9.0 0
1714243909889 42.0 0
1714243909889 63.0 0
1714243909890 26.0 0
1714243909891 46.0 0
1714243909891 81.0 0
1714243909892 87.0 0
1714243909892 26.0 0
1714243909893 21.0 0
1714243909894 41.0 0
1714243909894 43.0 0
1714243909895 34.0 0
1714243909896 35.0 0
1714243909896 21.0 0
1714243909897 97.0 0
1714243909898 64.0 0
1714243909898 76.0 0
1714243909899 71.0 0
1714243909899 98.0 0
1714243909900 42.0 0
1714243909901 12.0 0
1714243909901 83.0 0
1714243909902 64.0 0
1714243909903 63.0 0
1714243909903 42.0 0
1714243909904 33.0 0
1714243909905 78.0 0
1714243909905 91.0 0
1714243909906 22.0 0
1714243909907 2.0 0
1714243909907 2.0 0
1714243909908 69.0 0
1714243909909 36.0 0
1714243909909 48.0 0
1714243909910 27.0 0
1714243909910 16.0 0
1714243909911 9.0 0
1714243909912 57.0 0
1714243909912 73.0 0
1714243909913 44.0 0
1714243909914 60.0 0
1714243909914 18.0 0
1714243909915 39.0 0
1714243909916 23.0 0
1714243909916 60.0 0
1714243909917 21.0 0
1714243909918 8.0 0
1714243909918 27.0 0
1714243909919 88.0 0
1714243909920 45.0 0
1714243909921 56.0 0
1714243909921 10.0 0
1714243909922 32.0 0
1714243909923 27.0 0
1714243909923 76.0 0
1714243909924 4.0 0
1714243909925 99.0 0
1714243909925 19.0 0
1714243909926 10.0 0
1714243909926 24.0 0
1714243909927 15.0 0
1714243909928 46.0 0
1714243909928 64.0 0
1714243909929 50.0 0
1714243909929 69.0 0
1714243909930 55.0 0
1714243909931 95.0 0
1714243909931 18.0 0
1714243909932 82.0 0
1714243909932 67.0 0
1714243909933 24.0 0
1714243909934 4.0 0
1714243909934 95.0 0
1714243909935 12.0 0
1714243909935 92.0 0
1714243909936 6.0 0
1714243909937 66.0 0
1714243909937 84.0 0
1714243909938 52.0 0
1714243909938 4.0 0
1714243909939 16.0 0
1714243909940 52.0 0
1714243909940 93.0 0
1714243909941 26.0 0
1714243909941 89.0 0
1714243909942 17.0 0
1714243909943 52.0 0
1714243909943 16.0 0
1714243909944 38.0 0
1714243909945 63.0 0
1714243909945 39.0 0
1714243909946 15.0 0
1714243909947 46.0 0
1714243909947 36.0 0
1714243909948 81.0 0
1714243909950 30.0 0
1714243909950 24.0 0
1714243909951 38.0 0
1714243909952 16.0 0
1714243909952 33.0 0
1714243909953 28.0 0
1714243909953 23.0 0
1714243909954 12.0 0
1714243909955 15.0 0
1714243909956 60.0 0
1714243909957 42.0 0
1714243909957 44.0 0
1714243909958 67.0 0
1714243909959 60.0 0
1714243909959 91.0 0
1714243909960 31.0 0
1714243909961 89.0 0
1714243909961 32.0 0
1714243909962 64.0 0
1714243909962 13.0 0
1714243909963 56.0 0
1714243909964 53.0 0
1714243909964 38.0 0
1714243909965 62.0 0
1714243909966 86.0 0
1714243909966 99.0 0
1714243909967 40.0 0
1714243909967 45.0 0
1714243909968 37.0 0
1714243909969 34.0 0
1714243909969 95.0 0
1714243909970 11.0 0
1714243909971 51.0 0
1714243909971 42.0 0
1714243909972 37.0 0
1714243909972 67.0 0
1714243909973 93.0 0
1714243909974 47.0 0
1714243909974 90.0 0
1714243909975 90.0 0
1714243909975 98.0 0
1714243909976 60.0 0
1714243909977 31.0 0
1714243909977 1.0 0
1714243909978 79.0 0
1714243909979 64.0 0
1714243909979 84.0 0
1714243909980 93.0 0
1714243909981 93.0 0
1714243909981 46.0 0
1714243909982 30.0 0
1714243909982 46.0 0
1714243909983 21.0 0
1714243909984 24.0 0
1714243909984 69.0 0
1714243909985 94.0 0
1714243909986 88.0 0
1714243909986 45.0 0
1714243909987 45.0 0
1714243909987 75.0 0
1714243909988 35.0 0
1714243909989 0.0 0
1714243909989 54.0 0
1714243909990 83.0 0
1714243909991 97.0 0
1714243909991 38.0 0
1714243909992 62.0 0
1714243909992 82.0 0
1714243909993 47.0 0
1714243909994 75.0 0
1714243909994 50.0 0
1714243909995 85.0 0
1714243909996 81.0 0
1714243909996 37.0 0
1714243909997 80.0 0
1714243909998 29.0 0
1714243909998 75.0 0
1714243909999 45.0 0
1714243910000 13.0 0
1714243910000 28.0 0
1714243910001 94.0 0
1714243910002 38.0 0
1714243910002 91.0 0
1714243910003 74.0 0
1714243910004 17.0 0
1714243910004 67.0 0
1714243910005 28.0 0
